,calibrated_luar,neg_burrows,llm_judge_fidelity,dual,distinct_2,llm_judge_novelty
calibrated_luar,1.0,0.051,0.377,0.055,-0.352,0.337
neg_burrows,0.051,1.0,0.331,0.194,-0.022,0.002
llm_judge_fidelity,0.377,0.331,1.0,-0.064,-0.314,-0.022
dual,0.055,0.194,-0.064,1.0,-0.318,0.085
distinct_2,-0.352,-0.022,-0.314,-0.318,1.0,-0.013
llm_judge_novelty,0.337,0.002,-0.022,0.085,-0.013,1.0
