,calibrated_luar,neg_burrows,llm_judge_fidelity,dual,distinct_2,llm_judge_novelty
calibrated_luar,1.0,0.056,0.283,0.17,-0.377,0.272
neg_burrows,0.056,1.0,0.327,0.264,0.029,-0.033
llm_judge_fidelity,0.283,0.327,1.0,0.011,-0.363,-0.019
dual,0.17,0.264,0.011,1.0,-0.25,0.092
distinct_2,-0.377,0.029,-0.363,-0.25,1.0,0.046
llm_judge_novelty,0.272,-0.033,-0.019,0.092,0.046,1.0
